[[[159 196 188]
  [173 206 199]
  [187 216 211]
  ...
  [105 120 115]
  [105 120 115]
  [106 121 116]]

 [[152 189 181]
  [161 194 187]
  [171 200 195]
  ...
  [107 122 117]
  [108 123 118]
  [108 123 118]]

 [[154 189 182]
  [154 187 180]
  [159 188 183]
  ...
  [112 127 122]
  [114 126 122]
  [113 125 121]]

 ...

 [[ 73  81  83]
  [ 73  81  83]
  [ 73  81  83]
  ...
  [163 197 198]
  [162 196 197]
  [162 196 197]]

 [[ 73  81  83]
  [ 73  81  83]
  [ 73  81  83]
  ...
  [164 198 199]
  [164 198 199]
  [164 198 199]]

 [[ 73  81  83]
  [ 73  81  83]
  [ 73  81  83]
  ...
  [163 197 198]
  [163 197 198]
  [162 196 197]]], 2, 484.31971024401753, 151.53752066115703, 39.97230678469219, 122.62923966942148, 1, -1, -1, -1
[[[167 190 182]
  [169 192 184]
  [183 206 198]
  ...
  [104 119 114]
  [104 119 114]
  [103 118 113]]

 [[167 190 182]
  [169 192 184]
  [183 206 198]
  ...
  [108 123 118]
  [110 125 120]
  [110 125 120]]

 [[168 191 183]
  [169 192 184]
  [183 206 198]
  ...
  [112 127 122]
  [117 129 125]
  [118 130 126]]

 ...

 [[ 73  85  85]
  [ 73  85  85]
  [ 73  85  85]
  ...
  [155 189 190]
  [154 188 189]
  [154 188 189]]

 [[ 74  86  86]
  [ 74  86  86]
  [ 74  86  86]
  ...
  [156 190 191]
  [155 189 190]
  [154 188 189]]

 [[ 75  87  87]
  [ 75  87  87]
  [ 75  87  87]
  ...
  [156 190 191]
  [155 189 190]
  [155 189 190]]], 2, 506.63542105149287, 178.44098972768475, 30.594489237545197, 93.86004248062405, 1, -1, -1, -1
[[[176 203 198]
  [180 205 201]
  [184 209 205]
  ...
  [128 154 151]
  [131 157 154]
  [134 160 157]]

 [[176 203 198]
  [182 207 203]
  [188 213 209]
  ...
  [122 148 145]
  [122 148 145]
  [123 149 146]]

 [[173 200 195]
  [180 205 201]
  [188 213 209]
  ...
  [114 139 136]
  [111 136 133]
  [110 135 132]]

 ...

 [[137 159 156]
  [137 159 156]
  [139 161 158]
  ...
  [125 145 143]
  [124 144 142]
  [124 144 142]]

 [[139 161 158]
  [139 161 158]
  [140 162 159]
  ...
  [125 145 143]
  [124 144 142]
  [124 144 142]]

 [[141 163 160]
  [141 163 160]
  [141 163 160]
  ...
  [124 144 142]
  [124 144 142]
  [124 144 142]]], 11, 245.44033206210185, 153.21239669421487, 55.572228437779835, 168.13801652892565, 1, -1, -1, -1
[[[184 210 207]
  [167 193 190]
  [148 175 170]
  ...
  [197 223 224]
  [199 225 226]
  [201 227 228]]

 [[184 210 207]
  [171 197 194]
  [155 182 177]
  ...
  [199 225 226]
  [201 227 228]
  [202 228 229]]

 [[185 211 208]
  [174 200 197]
  [163 190 185]
  ...
  [202 228 229]
  [204 230 231]
  [205 231 232]]

 ...

 [[ 96  93  86]
  [ 97  94  87]
  [ 99  96  89]
  ...
  [146 166 157]
  [143 163 154]
  [140 160 151]]

 [[ 97  94  87]
  [ 98  95  88]
  [ 99  96  89]
  ...
  [147 168 159]
  [146 166 157]
  [143 163 154]]

 [[ 97  94  87]
  [ 98  95  88]
  [100  97  90]
  ...
  [149 170 163]
  [147 168 159]
  [146 166 157]]], 11, 238.9860663357349, 149.79666221760792, 55.082834933401706, 166.67384636906178, 1, -1, -1, -1
[[[186 215 197]
  [169 198 180]
  [151 180 162]
  ...
  [ 41  42  37]
  [ 41  42  37]
  [ 42  43  38]]

 [[185 214 196]
  [169 198 180]
  [151 178 161]
  ...
  [ 41  42  37]
  [ 41  42  37]
  [ 42  43  38]]

 [[185 212 195]
  [170 197 180]
  [152 179 162]
  ...
  [ 41  42  37]
  [ 41  42  37]
  [ 42  43  38]]

 ...

 [[ 88 104 101]
  [ 89 105 102]
  [ 89 105 102]
  ...
  [ 41  45  46]
  [ 41  45  46]
  [ 41  45  46]]

 [[ 89 105 102]
  [ 89 105 102]
  [ 90 106 103]
  ...
  [ 41  45  46]
  [ 41  45  46]
  [ 41  45  46]]

 [[ 89 105 102]
  [ 90 106 103]
  [ 90 106 103]
  ...
  [ 41  45  46]
  [ 41  45  46]
  [ 41  45  46]]], 11, 246.08032626821196, 165.94882255074123, 41.740099089736006, 126.33962607516105, 1, -1, -1, -1
[[[186 215 197]
  [169 198 180]
  [151 180 162]
  ...
  [ 41  42  37]
  [ 41  42  37]
  [ 42  43  38]]

 [[185 214 196]
  [169 198 180]
  [151 178 161]
  ...
  [ 41  42  37]
  [ 41  42  37]
  [ 42  43  38]]

 [[185 212 195]
  [170 197 180]
  [152 179 162]
  ...
  [ 41  42  37]
  [ 41  42  37]
  [ 42  43  38]]

 ...

 [[ 88 104 101]
  [ 89 105 102]
  [ 89 105 102]
  ...
  [ 41  45  46]
  [ 41  45  46]
  [ 41  45  46]]

 [[ 89 105 102]
  [ 89 105 102]
  [ 90 106 103]
  ...
  [ 41  45  46]
  [ 41  45  46]
  [ 41  45  46]]

 [[ 89 105 102]
  [ 90 106 103]
  [ 90 106 103]
  ...
  [ 41  45  46]
  [ 41  45  46]
  [ 41  45  46]]], 13, 394.26049415345506, 126.00528925619838, 79.49377202366834, 241.75198347107437, 1, -1, -1, -1
[[[186 215 197]
  [169 198 180]
  [151 180 162]
  ...
  [ 41  42  37]
  [ 41  42  37]
  [ 42  43  38]]

 [[185 214 196]
  [169 198 180]
  [151 178 161]
  ...
  [ 41  42  37]
  [ 41  42  37]
  [ 42  43  38]]

 [[185 212 195]
  [170 197 180]
  [152 179 162]
  ...
  [ 41  42  37]
  [ 41  42  37]
  [ 42  43  38]]

 ...

 [[ 88 104 101]
  [ 89 105 102]
  [ 89 105 102]
  ...
  [ 41  45  46]
  [ 41  45  46]
  [ 41  45  46]]

 [[ 89 105 102]
  [ 89 105 102]
  [ 90 106 103]
  ...
  [ 41  45  46]
  [ 41  45  46]
  [ 41  45  46]]

 [[ 89 105 102]
  [ 90 106 103]
  [ 90 106 103]
  ...
  [ 41  45  46]
  [ 41  45  46]
  [ 41  45  46]]], 15, 319.457642080694, 141.3200826446281, 66.78193897910798, 202.74388429752068, 1, -1, -1, -1
[[[163 181 185]
  [188 206 210]
  [214 233 237]
  ...
  [134 163 159]
  [135 164 160]
  [136 165 161]]

 [[164 182 186]
  [189 207 211]
  [215 234 238]
  ...
  [134 163 159]
  [135 164 160]
  [136 165 161]]

 [[165 183 187]
  [190 208 212]
  [216 235 239]
  ...
  [135 164 160]
  [136 165 161]
  [136 165 161]]

 ...

 [[131 153 150]
  [131 153 150]
  [131 153 150]
  ...
  [190 218 229]
  [188 216 227]
  [188 216 227]]

 [[131 153 150]
  [131 153 150]
  [131 153 150]
  ...
  [196 224 236]
  [195 223 235]
  [194 222 234]]

 [[131 153 150]
  [131 153 150]
  [131 153 150]
  ...
  [200 228 242]
  [199 227 241]
  [198 226 240]]], 11, 243.5190986643905, 172.40489289423678, 34.07768949066674, 103.1469173994969, 1, -1, -1, -1
[[[204 220 219]
  [220 236 235]
  [237 253 252]
  ...
  [158 179 172]
  [163 183 174]
  [160 180 171]]

 [[204 220 219]
  [221 237 236]
  [237 253 252]
  ...
  [158 177 171]
  [150 170 161]
  [141 158 150]]

 [[205 221 220]
  [221 237 236]
  [237 253 252]
  ...
  [144 163 157]
  [129 146 138]
  [115 132 124]]

 ...

 [[112 131 129]
  [113 132 130]
  [114 133 131]
  ...
  [140 165 161]
  [138 163 159]
  [137 162 158]]

 [[113 132 130]
  [112 131 129]
  [111 130 128]
  ...
  [138 163 159]
  [137 162 158]
  [136 161 157]]

 [[108 127 125]
  [106 125 123]
  [104 123 121]
  ...
  [135 160 156]
  [135 160 156]
  [135 160 156]]], 2, 532.9249611935255, 193.0325863572297, 19.26882807010641, 59.216516365578975, 1, -1, -1, -1
[[[138 164 153]
  [100 126 115]
  [109 135 124]
  ...
  [ 46  47  42]
  [ 46  47  42]
  [ 46  47  42]]

 [[165 191 180]
  [118 144 133]
  [106 132 121]
  ...
  [ 46  47  42]
  [ 46  47  42]
  [ 46  47  42]]

 [[192 215 205]
  [140 163 153]
  [101 127 116]
  ...
  [ 46  47  42]
  [ 46  47  42]
  [ 46  47  42]]

 ...

 [[ 91 110 106]
  [ 90 109 105]
  [ 90 109 105]
  ...
  [ 87  59  56]
  [ 87  59  56]
  [ 88  58  56]]

 [[ 91 110 106]
  [ 90 109 105]
  [ 89 108 104]
  ...
  [ 88  60  57]
  [ 89  59  57]
  [ 89  59  57]]

 [[ 92 111 107]
  [ 90 109 105]
  [ 89 108 104]
  ...
  [ 88  60  57]
  [ 89  59  57]
  [ 89  59  57]]], 11, 123.91395901137278, 146.78916393816672, 59.35750427432156, 179.69650528717358, 1, -1, -1, -1
[[[243 248 252]
  [244 249 253]
  [244 249 253]
  ...
  [225 199 208]
  [217 190 199]
  [212 185 194]]

 [[243 248 252]
  [244 249 253]
  [244 249 253]
  ...
  [202 171 179]
  [197 164 173]
  [194 161 172]]

 [[243 248 252]
  [244 249 253]
  [244 249 253]
  ...
  [188 145 155]
  [188 145 155]
  [188 145 155]]

 ...

 [[151 180 178]
  [150 179 177]
  [149 178 176]
  ...
  [113 132 128]
  [115 134 130]
  [115 134 130]]

 [[150 180 180]
  [152 182 182]
  [153 183 183]
  ...
  [112 131 127]
  [114 133 129]
  [114 133 129]]

 [[148 180 179]
  [151 181 181]
  [154 184 184]
  ...
  [112 131 127]
  [113 132 128]
  [113 132 128]]], 11, 96.21498974045376, 138.69335002651275, 59.06350653185683, 178.8488461951893, 1, -1, -1, -1
[[[236 250 253]
  [238 252 255]
  [236 250 253]
  ...
  [109 119 118]
  [110 120 119]
  [109 119 118]]

 [[236 250 253]
  [238 252 255]
  [236 250 253]
  ...
  [110 120 119]
  [111 121 120]
  [110 120 119]]

 [[236 250 253]
  [238 252 255]
  [236 250 253]
  ...
  [113 123 122]
  [114 124 123]
  [113 123 122]]

 ...

 [[127 147 145]
  [127 147 145]
  [127 147 145]
  ...
  [140 165 161]
  [139 164 160]
  [138 163 159]]

 [[126 148 145]
  [126 148 145]
  [125 147 144]
  ...
  [138 163 159]
  [138 163 159]
  [138 163 159]]

 [[126 148 145]
  [125 147 144]
  [124 146 143]
  ...
  [136 161 157]
  [137 162 158]
  [138 163 159]]], 11, 14.00253094506333, 132.63481359160238, 62.81116978809569, 190.1970609994879, 1, -1, -1, -1
[[[191 222 225]
  [190 219 223]
  [188 217 223]
  ...
  [156 208 229]
  [155 206 227]
  [154 205 224]]

 [[187 216 220]
  [187 216 220]
  [186 215 219]
  ...
  [156 208 229]
  [156 207 228]
  [155 206 225]]

 [[178 207 211]
  [180 209 213]
  [181 210 214]
  ...
  [157 209 230]
  [156 207 228]
  [155 206 227]]

 ...

 [[145 167 164]
  [145 167 164]
  [145 167 164]
  ...
  [123 144 139]
  [123 144 139]
  [122 143 138]]

 [[146 168 165]
  [146 168 165]
  [145 167 164]
  ...
  [123 144 139]
  [122 143 138]
  [122 143 138]]

 [[148 170 167]
  [147 169 166]
  [147 169 166]
  ...
  [123 144 139]
  [122 143 138]
  [122 143 138]]], 33, 474.08342730299637, 92.68524793388428, 77.89740159235426, 235.19446280991735, 1, -1, -1, -1
[[[244 250 250]
  [243 251 253]
  [239 249 250]
  ...
  [155 176 171]
  [148 169 164]
  [142 163 158]]

 [[243 249 249]
  [243 251 253]
  [241 251 252]
  ...
  [139 158 154]
  [124 143 139]
  [114 133 129]]

 [[244 250 250]
  [244 252 254]
  [242 252 253]
  ...
  [117 136 132]
  [103 122 118]
  [ 95 114 110]]

 ...

 [[ 76  88  88]
  [ 76  88  88]
  [ 76  88  88]
  ...
  [144 169 166]
  [144 169 166]
  [144 169 166]]

 [[ 76  88  88]
  [ 76  88  88]
  [ 76  88  88]
  ...
  [144 169 166]
  [144 169 166]
  [143 168 165]]

 [[ 75  87  87]
  [ 75  87  87]
  [ 75  87  87]
  ...
  [142 164 162]
  [141 163 161]
  [139 161 159]]], 2, 529.1042336070295, 185.82510802026025, 25.342019665610646, 77.91002994988897, 1, -1, -1, -1
[[[181 201 190]
  [183 203 192]
  [186 206 195]
  ...
  [189 120 125]
  [184 122 125]
  [194 135 137]]

 [[179 199 188]
  [181 201 190]
  [184 204 193]
  ...
  [187 118 123]
  [182 120 123]
  [193 133 135]]

 [[174 194 183]
  [176 196 185]
  [180 200 189]
  ...
  [186 115 121]
  [181 116 120]
  [190 130 132]]

 ...

 [[110 126 123]
  [113 129 126]
  [116 132 129]
  ...
  [129 151 148]
  [125 147 144]
  [122 144 141]]

 [[114 130 127]
  [117 133 130]
  [119 135 132]
  ...
  [131 153 150]
  [129 151 148]
  [126 148 145]]

 [[119 135 132]
  [120 136 133]
  [120 136 133]
  ...
  [128 150 147]
  [127 149 146]
  [126 148 145]]], 38, 68.6103305785124, 1.0, 148.29, 446.86, 1, -1, -1, -1
[[[150 163 146]
  [160 173 156]
  [174 187 170]
  ...
  [108  44  42]
  [107  43  41]
  [105  44  41]]

 [[150 163 146]
  [160 173 156]
  [174 187 170]
  ...
  [107  43  41]
  [105  44  41]
  [104  43  40]]

 [[151 164 147]
  [161 174 157]
  [174 187 170]
  ...
  [104  43  40]
  [104  43  40]
  [104  43  42]]

 ...

 [[ 90 106 103]
  [ 90 106 103]
  [ 91 107 104]
  ...
  [ 48  48  48]
  [ 48  48  48]
  [ 48  48  48]]

 [[ 90 106 103]
  [ 91 107 104]
  [ 91 107 104]
  ...
  [ 47  47  47]
  [ 47  47  47]
  [ 47  47  47]]

 [[ 91 107 104]
  [ 91 107 104]
  [ 92 108 105]
  ...
  [ 47  47  47]
  [ 47  47  47]
  [ 47  47  47]]], 15, 228.09490174890806, 69.24186139407217, 111.4460098804549, 338.00139359376243, 1, -1, -1, -1
[[[161 214 232]
  [174 221 239]
  [178 216 235]
  ...
  [238 250 214]
  [240 251 219]
  [239 250 220]]

 [[174 227 243]
  [169 218 235]
  [156 197 215]
  ...
  [239 251 215]
  [240 251 219]
  [239 250 220]]

 [[171 227 240]
  [153 205 219]
  [131 174 190]
  ...
  [241 253 217]
  [242 253 221]
  [240 251 221]]

 ...

 [[ 96  55  49]
  [ 96  55  49]
  [ 96  55  49]
  ...
  [ 96 115 113]
  [ 96 115 113]
  [ 96 115 113]]

 [[ 95  54  48]
  [ 95  54  48]
  [ 96  55  49]
  ...
  [ 96 115 113]
  [ 96 115 113]
  [ 96 115 113]]

 [[ 94  53  47]
  [ 95  54  48]
  [ 96  55  49]
  ...
  [ 96 115 113]
  [ 96 115 113]
  [ 96 115 113]]], 15, 206.7653320041113, 41.821884221591034, 117.29142274510178, 355.4413377851217, 1, -1, -1, -1
[[[161 214 232]
  [174 221 239]
  [178 216 235]
  ...
  [238 250 214]
  [240 251 219]
  [239 250 220]]

 [[174 227 243]
  [169 218 235]
  [156 197 215]
  ...
  [239 251 215]
  [240 251 219]
  [239 250 220]]

 [[171 227 240]
  [153 205 219]
  [131 174 190]
  ...
  [241 253 217]
  [242 253 221]
  [240 251 221]]

 ...

 [[ 96  55  49]
  [ 96  55  49]
  [ 96  55  49]
  ...
  [ 96 115 113]
  [ 96 115 113]
  [ 96 115 113]]

 [[ 95  54  48]
  [ 95  54  48]
  [ 96  55  49]
  ...
  [ 96 115 113]
  [ 96 115 113]
  [ 96 115 113]]

 [[ 94  53  47]
  [ 95  54  48]
  [ 96  55  49]
  ...
  [ 96 115 113]
  [ 96 115 113]
  [ 96 115 113]]], 38, 43.934297520661175, 1.0, 148.29, 446.86, 1, -1, -1, -1
[[[239 249 251]
  [237 248 250]
  [236 247 249]
  ...
  [152 174 171]
  [155 177 174]
  [156 178 175]]

 [[238 248 250]
  [237 248 250]
  [238 249 251]
  ...
  [155 177 174]
  [150 172 169]
  [145 167 164]]

 [[240 250 252]
  [239 250 252]
  [240 251 253]
  ...
  [144 164 162]
  [130 150 148]
  [120 140 138]]

 ...

 [[112 131 129]
  [109 128 126]
  [105 124 122]
  ...
  [133 155 152]
  [133 155 152]
  [131 153 150]]

 [[114 133 131]
  [110 129 127]
  [105 124 122]
  ...
  [131 153 150]
  [130 152 149]
  [129 151 148]]

 [[110 129 127]
  [109 128 126]
  [109 128 126]
  ...
  [130 152 149]
  [129 151 148]
  [127 149 146]]], 38, 125.23660843258759, 25.505316729448253, 130.14565779321913, 392.196324100746, 1, -1, -1, -1
[[[180 208 230]
  [192 220 242]
  [202 230 251]
  ...
  [136 154 130]
  [128 146 120]
  [122 138 112]]

 [[197 224 245]
  [206 233 254]
  [213 240 255]
  ...
  [130 148 124]
  [123 141 115]
  [116 134 108]]

 [[214 237 255]
  [219 242 255]
  [222 245 255]
  ...
  [124 144 119]
  [121 139 113]
  [116 134 108]]

 ...

 [[ 98  57  53]
  [ 98  57  53]
  [ 98  57  53]
  ...
  [ 95 111 110]
  [ 94 110 109]
  [ 94 110 109]]

 [[ 98  57  53]
  [ 98  57  53]
  [ 98  57  53]
  ...
  [ 96 112 111]
  [ 95 111 110]
  [ 94 110 109]]

 [[ 99  58  54]
  [ 99  58  54]
  [ 99  58  54]
  ...
  [ 96 112 111]
  [ 95 111 110]
  [ 95 111 110]]], 15, 182.63767316884702, 7.248761158463481, 142.39306080248238, 431.1388220621011, 1, -1, -1, -1
[[[162 191 195]
  [ 94 123 127]
  [ 76 105 109]
  ...
  [121  55  57]
  [118  53  57]
  [115  50  54]]

 [[160 188 191]
  [102 130 133]
  [ 79 107 110]
  ...
  [121  55  57]
  [118  53  57]
  [116  51  55]]

 [[141 167 168]
  [106 132 133]
  [ 83 109 110]
  ...
  [120  56  57]
  [119  54  58]
  [114  52  55]]

 ...

 [[ 80  92  90]
  [ 80  92  90]
  [ 80  92  90]
  ...
  [ 66  75  74]
  [ 67  76  75]
  [ 67  76  75]]

 [[ 80  92  90]
  [ 80  92  90]
  [ 80  92  90]
  ...
  [ 66  75  74]
  [ 67  76  75]
  [ 67  76  75]]

 [[ 80  92  90]
  [ 80  92  90]
  [ 80  92  90]
  ...
  [ 66  75  74]
  [ 67  76  75]
  [ 68  77  76]]], 46, 322.5429561893932, 96.08862809917358, 100.60962481129621, 303.5014049586777, 1, -1, -1, -1
[[[162 191 195]
  [ 94 123 127]
  [ 76 105 109]
  ...
  [121  55  57]
  [118  53  57]
  [115  50  54]]

 [[160 188 191]
  [102 130 133]
  [ 79 107 110]
  ...
  [121  55  57]
  [118  53  57]
  [116  51  55]]

 [[141 167 168]
  [106 132 133]
  [ 83 109 110]
  ...
  [120  56  57]
  [119  54  58]
  [114  52  55]]

 ...

 [[ 80  92  90]
  [ 80  92  90]
  [ 80  92  90]
  ...
  [ 66  75  74]
  [ 67  76  75]
  [ 67  76  75]]

 [[ 80  92  90]
  [ 80  92  90]
  [ 80  92  90]
  ...
  [ 66  75  74]
  [ 67  76  75]
  [ 67  76  75]]

 [[ 80  92  90]
  [ 80  92  90]
  [ 80  92  90]
  ...
  [ 66  75  74]
  [ 67  76  75]
  [ 68  77  76]]], 15, 164.74836424408412, 34.849374545284945, 134.23929537982264, 406.2191487481303, 1, -1, -1, -1
[[[162 191 195]
  [ 94 123 127]
  [ 76 105 109]
  ...
  [121  55  57]
  [118  53  57]
  [115  50  54]]

 [[160 188 191]
  [102 130 133]
  [ 79 107 110]
  ...
  [121  55  57]
  [118  53  57]
  [116  51  55]]

 [[141 167 168]
  [106 132 133]
  [ 83 109 110]
  ...
  [120  56  57]
  [119  54  58]
  [114  52  55]]

 ...

 [[ 80  92  90]
  [ 80  92  90]
  [ 80  92  90]
  ...
  [ 66  75  74]
  [ 67  76  75]
  [ 67  76  75]]

 [[ 80  92  90]
  [ 80  92  90]
  [ 80  92  90]
  ...
  [ 66  75  74]
  [ 67  76  75]
  [ 67  76  75]]

 [[ 80  92  90]
  [ 80  92  90]
  [ 80  92  90]
  ...
  [ 66  75  74]
  [ 67  76  75]
  [ 68  77  76]]], 38, 152.2990683929974, 30.102373351059896, 125.72241170355395, 378.8667910480833, 1, -1, -1, -1
[[[205 219 219]
  [224 240 239]
  [238 254 253]
  ...
  [124 145 136]
  [125 146 137]
  [125 146 137]]

 [[205 219 219]
  [224 240 239]
  [238 254 253]
  ...
  [125 146 137]
  [125 146 137]
  [124 145 136]]

 [[205 219 219]
  [223 239 238]
  [237 253 252]
  ...
  [127 148 139]
  [125 146 137]
  [122 143 134]]

 ...

 [[140 165 159]
  [140 165 159]
  [139 164 158]
  ...
  [131 156 152]
  [132 157 153]
  [133 158 154]]

 [[140 165 159]
  [140 165 159]
  [139 164 158]
  ...
  [134 159 155]
  [136 161 157]
  [138 163 159]]

 [[140 165 159]
  [140 165 159]
  [139 164 158]
  ...
  [137 162 158]
  [140 165 161]
  [143 168 164]]], 15, 201.25893804876836, 112.36881789218577, 91.7570759031378, 277.70057570545373, 1, -1, -1, -1
[[[200 216 215]
  [217 233 232]
  [234 250 249]
  ...
  [160 181 174]
  [166 186 177]
  [163 183 174]]

 [[202 218 217]
  [219 235 234]
  [236 252 251]
  ...
  [158 177 171]
  [150 170 161]
  [141 158 150]]

 [[203 219 218]
  [220 236 235]
  [237 253 252]
  ...
  [145 164 158]
  [130 147 139]
  [115 132 124]]

 ...

 [[108 124 123]
  [110 126 125]
  [114 130 129]
  ...
  [131 153 150]
  [129 151 148]
  [128 150 147]]

 [[113 129 128]
  [114 130 129]
  [116 132 131]
  ...
  [127 149 146]
  [126 148 145]
  [126 148 145]]

 [[114 130 129]
  [114 130 129]
  [113 129 128]
  ...
  [124 146 143]
  [124 146 143]
  [124 146 143]]], 38, 141.31192241205628, 28.815169722175483, 138.08024833607746, 416.12094448416576, 1, -1, -1, -1
[[[200 216 215]
  [217 233 232]
  [234 250 249]
  ...
  [160 181 174]
  [166 186 177]
  [163 183 174]]

 [[202 218 217]
  [219 235 234]
  [236 252 251]
  ...
  [158 177 171]
  [150 170 161]
  [141 158 150]]

 [[203 219 218]
  [220 236 235]
  [237 253 252]
  ...
  [145 164 158]
  [130 147 139]
  [115 132 124]]

 ...

 [[108 124 123]
  [110 126 125]
  [114 130 129]
  ...
  [131 153 150]
  [129 151 148]
  [128 150 147]]

 [[113 129 128]
  [114 130 129]
  [116 132 131]
  ...
  [127 149 146]
  [126 148 145]
  [126 148 145]]

 [[114 130 129]
  [114 130 129]
  [113 129 128]
  ...
  [124 146 143]
  [124 146 143]
  [124 146 143]]], 15, 186.432348292114, 120.24862175044333, 89.4923561931158, 270.84641972398276, 1, -1, -1, -1
[[[195 226 221]
  [192 221 217]
  [190 216 213]
  ...
  [166 179 170]
  [158 170 160]
  [151 161 152]]

 [[195 226 221]
  [192 221 217]
  [190 216 213]
  ...
  [164 177 170]
  [162 173 165]
  [159 170 162]]

 [[195 226 221]
  [192 221 217]
  [190 216 213]
  ...
  [159 174 167]
  [160 173 166]
  [158 171 164]]

 ...

 [[137 159 156]
  [137 159 156]
  [136 158 155]
  ...
  [130 155 151]
  [132 157 153]
  [133 158 154]]

 [[136 158 155]
  [136 158 155]
  [136 158 155]
  ...
  [127 152 148]
  [131 156 152]
  [136 161 157]]

 [[136 158 155]
  [136 158 155]
  [136 158 155]
  ...
  [125 150 146]
  [131 156 152]
  [138 163 159]]], 38, 70.77943714564536, 9.88172091890749, 160.29126511149062, 483.02437507734567, 1, -1, -1, -1
[[[195 226 221]
  [192 221 217]
  [190 216 213]
  ...
  [166 179 170]
  [158 170 160]
  [151 161 152]]

 [[195 226 221]
  [192 221 217]
  [190 216 213]
  ...
  [164 177 170]
  [162 173 165]
  [159 170 162]]

 [[195 226 221]
  [192 221 217]
  [190 216 213]
  ...
  [159 174 167]
  [160 173 166]
  [158 171 164]]

 ...

 [[137 159 156]
  [137 159 156]
  [136 158 155]
  ...
  [130 155 151]
  [132 157 153]
  [133 158 154]]

 [[136 158 155]
  [136 158 155]
  [136 158 155]
  ...
  [127 152 148]
  [131 156 152]
  [136 161 157]]

 [[136 158 155]
  [136 158 155]
  [136 158 155]
  ...
  [125 150 146]
  [131 156 152]
  [138 163 159]]], 2, 507.63281537653387, 164.48924944197046, 41.20476697292101, 126.39800941771983, 1, -1, -1, -1
[[[183 202 200]
  [203 222 220]
  [224 244 242]
  ...
  [147 195 217]
  [146 193 213]
  [144 191 211]]

 [[183 202 200]
  [202 221 219]
  [224 244 242]
  ...
  [147 195 217]
  [145 191 214]
  [143 190 210]]

 [[182 201 199]
  [202 221 219]
  [224 244 242]
  ...
  [144 194 217]
  [143 191 213]
  [141 189 211]]

 ...

 [[147 160 151]
  [147 160 151]
  [147 160 151]
  ...
  [130 152 149]
  [127 149 146]
  [124 146 143]]

 [[148 161 152]
  [148 161 152]
  [147 160 151]
  ...
  [133 155 152]
  [130 152 149]
  [127 149 146]]

 [[149 162 153]
  [148 161 152]
  [148 161 152]
  ...
  [135 157 154]
  [132 154 151]
  [129 151 148]]], 13, 586.0889689904402, 98.73038475751513, 68.47326237663705, 208.032045210877, 1, -1, -1, -1
[[[124 145 164]
  [126 147 164]
  [118 139 156]
  ...
  [ 85 105 112]
  [ 86 106 113]
  [ 86 106 113]]

 [[109 132 148]
  [134 157 173]
  [146 169 185]
  ...
  [ 86 106 113]
  [ 86 106 113]
  [ 87 107 114]]

 [[ 90 116 129]
  [128 154 167]
  [157 183 196]
  ...
  [ 86 106 113]
  [ 86 106 113]
  [ 87 107 114]]

 ...

 [[105 125 123]
  [105 125 123]
  [105 125 123]
  ...
  [113 135 133]
  [112 134 132]
  [112 134 132]]

 [[104 124 122]
  [104 124 122]
  [104 124 122]
  ...
  [114 136 134]
  [113 135 133]
  [112 134 132]]

 [[103 123 121]
  [103 123 121]
  [103 123 121]
  ...
  [114 136 134]
  [113 135 133]
  [112 134 132]]], 38, 57.45121044421228, 15.69530866768278, 163.71294490777393, 493.33532176703415, 1, -1, -1, -1
[[[142 156 139]
  [138 152 135]
  [133 147 130]
  ...
  [ 41  43  38]
  [ 43  45  40]
  [ 44  46  41]]

 [[132 146 129]
  [129 143 126]
  [125 139 122]
  ...
  [ 42  44  39]
  [ 44  46  41]
  [ 46  48  43]]

 [[125 139 122]
  [121 135 118]
  [119 133 116]
  ...
  [ 44  46  41]
  [ 46  48  43]
  [ 47  49  44]]

 ...

 [[ 95 111 108]
  [ 95 111 108]
  [ 96 112 109]
  ...
  [ 61  65  64]
  [ 61  65  64]
  [ 61  65  64]]

 [[ 94 110 107]
  [ 94 110 107]
  [ 95 111 108]
  ...
  [ 62  66  65]
  [ 62  66  65]
  [ 62  66  65]]

 [[ 93 109 106]
  [ 94 110 107]
  [ 94 110 107]
  ...
  [ 63  67  66]
  [ 63  67  66]
  [ 62  66  65]]], 62, 382.78919595518937, 109.7212561983471, 91.80831883342285, 277.30553719008265, 1, -1, -1, -1
[[[153 170 151]
  [153 170 152]
  [169 186 170]
  ...
  [214 211 196]
  [194 191 174]
  [179 173 157]]

 [[147 164 145]
  [148 165 147]
  [161 178 162]
  ...
  [162 159 144]
  [147 144 127]
  [137 131 115]]

 [[140 157 138]
  [144 161 142]
  [152 169 151]
  ...
  [115 112  97]
  [111 108  91]
  [110 104  88]]

 ...

 [[ 96 112 109]
  [ 96 112 109]
  [ 95 111 108]
  ...
  [ 47  49  46]
  [ 47  49  46]
  [ 47  49  46]]

 [[ 97 113 110]
  [ 96 112 109]
  [ 95 111 108]
  ...
  [ 45  47  44]
  [ 45  47  44]
  [ 44  46  43]]

 [[ 96 112 109]
  [ 96 112 109]
  [ 95 111 108]
  ...
  [ 44  46  43]
  [ 43  45  42]
  [ 42  44  41]]], 64, 33.90075531777303, 63.59409090909088, 80.59062159585889, 244.65710743801657, 1, -1, -1, -1
[[[195 206 212]
  [182 197 202]
  [170 191 194]
  ...
  [151 170 164]
  [148 165 159]
  [144 161 155]]

 [[225 236 242]
  [210 225 230]
  [192 213 216]
  ...
  [141 158 152]
  [129 146 140]
  [120 137 131]]

 [[239 250 255]
  [226 241 246]
  [209 230 233]
  ...
  [123 140 134]
  [112 129 123]
  [105 122 116]]

 ...

 [[111 127 126]
  [113 129 128]
  [116 132 131]
  ...
  [136 158 155]
  [134 156 153]
  [133 155 152]]

 [[111 127 126]
  [114 130 129]
  [116 132 131]
  ...
  [137 159 156]
  [135 157 154]
  [133 155 152]]

 [[114 130 129]
  [116 132 131]
  [117 133 132]
  ...
  [136 158 155]
  [134 156 153]
  [132 154 151]]], 38, 126.41471641505042, 26.974641616121005, 130.8715877646484, 394.41421314419136, 1, -1, -1, -1
[[[134 152 152]
  [142 162 161]
  [166 190 190]
  ...
  [161 185 187]
  [157 181 183]
  [155 179 181]]

 [[134 152 152]
  [142 162 161]
  [167 191 191]
  ...
  [161 185 187]
  [158 182 184]
  [157 181 183]]

 [[135 153 153]
  [143 163 162]
  [168 192 192]
  ...
  [158 182 184]
  [155 179 181]
  [154 178 180]]

 ...

 [[138 161 155]
  [135 158 152]
  [132 155 149]
  ...
  [223 234 176]
  [222 233 175]
  [222 233 175]]

 [[135 158 152]
  [133 156 150]
  [131 154 148]
  ...
  [224 235 177]
  [223 234 176]
  [223 234 176]]

 [[133 156 150]
  [131 154 148]
  [130 153 147]
  ...
  [225 236 178]
  [224 235 177]
  [224 235 177]]], 38, 128.99304785373212, 68.24244454730407, 91.49684756338878, 275.9013266021644, 1, -1, -1, -1
[[[134 152 152]
  [142 162 161]
  [166 190 190]
  ...
  [161 185 187]
  [157 181 183]
  [155 179 181]]

 [[134 152 152]
  [142 162 161]
  [167 191 191]
  ...
  [161 185 187]
  [158 182 184]
  [157 181 183]]

 [[135 153 153]
  [143 163 162]
  [168 192 192]
  ...
  [158 182 184]
  [155 179 181]
  [154 178 180]]

 ...

 [[138 161 155]
  [135 158 152]
  [132 155 149]
  ...
  [223 234 176]
  [222 233 175]
  [222 233 175]]

 [[135 158 152]
  [133 156 150]
  [131 154 148]
  ...
  [224 235 177]
  [223 234 176]
  [223 234 176]]

 [[133 156 150]
  [131 154 148]
  [130 153 147]
  ...
  [225 236 178]
  [224 235 177]
  [224 235 177]]], 62, 400.8781029656137, 112.94109090909089, 90.45529820100379, 273.2187603305785, 1, -1, -1, -1
[[[233 246 252]
  [229 244 249]
  [219 237 241]
  ...
  [154 174 172]
  [142 162 160]
  [135 155 153]]

 [[236 249 255]
  [234 249 254]
  [228 246 250]
  ...
  [131 150 148]
  [120 139 137]
  [113 132 130]]

 [[238 251 255]
  [238 253 255]
  [236 254 255]
  ...
  [108 127 125]
  [101 120 118]
  [ 98 117 115]]

 ...

 [[ 78  90  90]
  [ 78  90  90]
  [ 78  90  90]
  ...
  [139 165 162]
  [138 164 161]
  [138 164 161]]

 [[ 77  89  89]
  [ 77  89  89]
  [ 77  89  89]
  ...
  [136 162 159]
  [136 162 159]
  [136 162 159]]

 [[ 77  89  89]
  [ 77  89  89]
  [ 76  88  88]
  ...
  [141 167 164]
  [143 169 166]
  [143 169 166]]], 38, 122.88095705731254, 16.703811903369314, 134.8508638982034, 406.595692449124, 1, -1, -1, -1
[[[233 246 252]
  [229 244 249]
  [219 237 241]
  ...
  [154 174 172]
  [142 162 160]
  [135 155 153]]

 [[236 249 255]
  [234 249 254]
  [228 246 250]
  ...
  [131 150 148]
  [120 139 137]
  [113 132 130]]

 [[238 251 255]
  [238 253 255]
  [236 254 255]
  ...
  [108 127 125]
  [101 120 118]
  [ 98 117 115]]

 ...

 [[ 78  90  90]
  [ 78  90  90]
  [ 78  90  90]
  ...
  [139 165 162]
  [138 164 161]
  [138 164 161]]

 [[ 77  89  89]
  [ 77  89  89]
  [ 77  89  89]
  ...
  [136 162 159]
  [136 162 159]
  [136 162 159]]

 [[ 77  89  89]
  [ 77  89  89]
  [ 76  88  88]
  ...
  [141 167 164]
  [143 169 166]
  [143 169 166]]], 2, 527.1335903230665, 182.0744390999168, 29.90737466895482, 91.74806927011312, 1, -1, -1, -1
[[[181 195 182]
  [183 197 184]
  [181 197 184]
  ...
  [ 88  43  40]
  [ 86  41  38]
  [ 85  40  37]]

 [[168 182 169]
  [178 192 179]
  [185 201 188]
  ...
  [ 90  45  42]
  [ 89  44  41]
  [ 89  44  41]]

 [[147 161 148]
  [165 179 166]
  [182 198 185]
  ...
  [ 91  46  43]
  [ 91  46  43]
  [ 90  45  42]]

 ...

 [[ 83  95  91]
  [ 82  94  90]
  [ 81  93  89]
  ...
  [ 47  47  47]
  [ 47  47  47]
  [ 47  47  47]]

 [[ 82  94  90]
  [ 82  94  90]
  [ 80  92  88]
  ...
  [ 48  48  48]
  [ 47  47  47]
  [ 47  47  47]]

 [[ 82  94  90]
  [ 81  93  89]
  [ 80  92  88]
  ...
  [ 48  48  48]
  [ 48  48  48]
  [ 48  48  48]]], 38, 104.38524399827236, 46.87388186577604, 122.14856507580862, 368.3362252347584, 1, -1, -1, -1
[[[181 195 182]
  [183 197 184]
  [181 197 184]
  ...
  [ 88  43  40]
  [ 86  41  38]
  [ 85  40  37]]

 [[168 182 169]
  [178 192 179]
  [185 201 188]
  ...
  [ 90  45  42]
  [ 89  44  41]
  [ 89  44  41]]

 [[147 161 148]
  [165 179 166]
  [182 198 185]
  ...
  [ 91  46  43]
  [ 91  46  43]
  [ 90  45  42]]

 ...

 [[ 83  95  91]
  [ 82  94  90]
  [ 81  93  89]
  ...
  [ 47  47  47]
  [ 47  47  47]
  [ 47  47  47]]

 [[ 82  94  90]
  [ 82  94  90]
  [ 80  92  88]
  ...
  [ 48  48  48]
  [ 47  47  47]
  [ 47  47  47]]

 [[ 82  94  90]
  [ 81  93  89]
  [ 80  92  88]
  ...
  [ 48  48  48]
  [ 48  48  48]
  [ 48  48  48]]], 15, 239.98061118167897, 129.04636015187663, 79.08248275793242, 239.32048386352383, 1, -1, -1, -1
[[[ 87 119 132]
  [ 93 122 136]
  [ 90 118 130]
  ...
  [ 88 109 114]
  [ 88 109 114]
  [ 88 109 114]]

 [[ 91 125 137]
  [ 95 129 141]
  [ 89 119 130]
  ...
  [ 88 109 114]
  [ 88 109 114]
  [ 88 109 114]]

 [[ 92 130 141]
  [ 98 135 144]
  [ 96 130 140]
  ...
  [ 88 109 114]
  [ 88 109 114]
  [ 88 109 114]]

 ...

 [[103 123 121]
  [104 124 122]
  [105 125 123]
  ...
  [112 134 132]
  [111 133 131]
  [111 133 131]]

 [[101 121 119]
  [102 122 120]
  [103 123 121]
  ...
  [112 134 132]
  [113 135 133]
  [113 135 133]]

 [[100 120 118]
  [102 122 120]
  [102 122 120]
  ...
  [112 134 132]
  [114 136 134]
  [115 137 135]]], 70, 306.39301220561015, 62.950809917355386, 84.65033922514323, 255.36628099173552, 1, -1, -1, -1
